MEME version 4

ALPHABET= ACGT

MOTIF MX000263 GlxR

letter-probability matrix: alength= 4 w=  16 nsites= 3
 0.000000 0.000000 0.000000 1.000000
 0.000000 0.000000 1.000000 0.000000
 0.000000 0.000000 0.000000 1.000000
 0.333333 0.000000 0.333333 0.333333
 0.666667 0.000000 0.000000 0.333333
 0.000000 0.666667 0.333333 0.000000
 0.333333 0.000000 0.000000 0.666667
 0.000000 0.000000 0.666667 0.333333
 0.666667 0.000000 0.333333 0.000000
 0.000000 0.333333 0.666667 0.000000
 0.000000 0.333333 0.000000 0.666667
 0.000000 0.333333 0.000000 0.666667
 0.333333 0.666667 0.000000 0.000000
 0.666667 0.000000 0.333333 0.000000
 0.333333 0.666667 0.000000 0.000000
 0.333333 0.333333 0.000000 0.333333
URL https://www.prodoric.de/matrix/MX000263.html
