MEME version 4

ALPHABET= ACGT

MOTIF MX000045 CodY

letter-probability matrix: alength= 4 w=  15 nsites= 10
 0.900000 0.100000 0.000000 0.000000
 0.800000 0.000000 0.200000 0.000000
 0.100000 0.000000 0.000000 0.900000
 0.300000 0.000000 0.000000 0.700000
 0.200000 0.100000 0.100000 0.600000
 0.100000 0.000000 0.100000 0.800000
 0.200000 0.500000 0.300000 0.000000
 0.400000 0.400000 0.000000 0.200000
 0.500000 0.000000 0.200000 0.300000
 0.800000 0.100000 0.000000 0.100000
 0.600000 0.000000 0.000000 0.400000
 0.600000 0.100000 0.000000 0.300000
 0.500000 0.000000 0.100000 0.400000
 0.200000 0.100000 0.000000 0.700000
 0.300000 0.200000 0.000000 0.500000
URL https://www.prodoric.de/matrix/MX000045.html
